100
0 0.09
1 0.11
2 0.13
3 0.15
4 0.17
5 0.19
6 0.21
7 0.23
8 0.25
9 0.27
10 0.28
11 0.28
12 0.30
13 0.31
14 0.34
15 0.36
16 0.38
17 0.40
18 0.40
19 0.40
20 0.41
21 0.44
22 0.46
23 0.48
24 0.50
25 0.51
26 0.54
27 0.56
28 0.58
29 0.60
30 0.61
31 0.63
32 0.66
33 0.68
34 0.69
35 0.69
36 0.69
37 0.72
38 0.74
39 0.76
40 0.78
41 0.80
42 0.82
43 0.84
44 0.85
45 0.87
46 0.88
47 0.90
48 0.91
49 0.91
50 0.94
51 0.95
52 0.97
53 0.97
54 1.00
55 0.02
56 0.02
57 0.04
58 0.06
59 0.08
60 0.10
61 0.12
62 0.14
63 0.16
64 0.18
65 0.19
66 0.20
67 0.22
68 0.23
69 0.25
70 0.26
71 0.28
72 0.30
73 0.32
74 0.34
75 0.36
76 0.37
77 0.40
78 0.42
79 0.44
80 0.46
81 0.48
82 0.50
83 0.52
84 0.54
85 0.56
86 0.58
87 0.60
88 0.62
89 0.64
90 0.64
91 0.65
92 0.68
93 0.70
94 0.72
95 0.72
96 0.74
97 0.76
98 0.78
99 0.80
